黃,振德,,male,,44671,ICT,,02-23457431,admin@mail.deep.com,,,研究所,,ICT,,test data
余,又任,,male,,44672,ICT,,02-23457432,cchuang@mail.deep.com,,,研究所,,ICT,,virtual data 
吳,珊蓮,,female,,44673,general,,02-23457433,sunlandwu@mail.deep.com,,,研究所,,企業管理、財務金融,,virtual data 
趙,利連,,othersex,,44674,maketing,,02-23457434,Leelandchao@mail.deep.com,,,研究所,,市場行銷,,virtual data 
伍,聯莊,,male,,44675,marketing,,02-23457435,landchuangwu@mail.deep.com,,,研究所,,市場行銷,,virtual data 
韓,士瑜,,female,,44676,HR,,02-23457436,shihyuhan@mail.deep.com,,,研究所,,HR,,virtual data 
游,仕安,,female,,44677,experrtize,,02-23457437,shihanyou@mail.deep.com,,,研究所,,語文,,virtual data 
于,本仁,,male,,44678,experrtize,,02-23457438,benrenyu@mail.deep.com,,,研究所,,設計,,virtual data 
韓,修仁,,male,,44679,ICT,,02-23457439,cchuang2@mail.deep.com,,,大學,,ICT,,virtual data 
王,達明,,male,,44680,experrtize,,02-23457440,Darmin@mail.deep.com,,,研究所,,機械工程,,virtual data 
葉,士俺,,male,,44681,ICT,,02-23457441,hsan2001@mail.deep.com,,,研究所,,ICT,,virtual data 
韓,仕伍,,male,,44682,HR,,02-23457442,hsuwuhan@mail.deep.com,,,大學,,HRM,,virtual data 
錢,久名,,male,,44683,general,,02-23457443,jominchen@mail.deep.com,,,大學,,公共關係,,virtual data 
拾,進位,,male,,44684,support,,02-23457444,jiweihsu@mail.deep.com,,,大學,,企業管理,,virtual data 
賴,士萬,,male,,44685,board,,02-23457445,hsuwanlai@mail.deep.com,,,研究所,,法律,,virtual data 
于,繼緒,,male,,44686,support,,02-23457446,jisheju@mail.deep.com,,,大學,,會計,,virtual data 
關,查圓,,female,,,,,,,,,,,,tester,virtual data 
簡,四責,,male,,,,,,,,,,,,tester,virtual data 