﻿execute,,,44691,5,17500,,,test data
execute,,,44696,14,49000,,,test data
execute,,,44710,3,10500,,,test data
execute,,,44713,30,105000,,,test data
execute,,,44743,3,10500,,,test data
execute,,,44746,7,124500,,,test data
execute,,,44753,3,10500,,,test data
execute,,,44756,3,30500,,,test data
finish,,,44759,1,3500,,,test data
postservice,,,44760,365,120000,,,test data