﻿execute,63724c99008cb89616d76fc4,6363c5c3a747f60d3e71a72d,44691,5,17500,false,false,test data
execute,63724c99008cb89616d76fc4,6363c5c3a747f60d3e71a72d,44696,14,49000,false,false,test data
execute,63724c99008cb89616d76fc4,6363c5c3a747f60d3e71a72d,44710,3,10500,false,false,test data
execute,63724c99008cb89616d76fc4,6363c5c3a747f60d3e71a737,44713,30,105000,false,false,test data
execute,63724c99008cb89616d76fc4,6363c5c3a747f60d3e71a737,44743,3,10500,false,false,test data
execute,63724c99008cb89616d76fc4,6363c5c3a747f60d3e71a737,44746,7,124500,false,false,test data
execute,63724c99008cb89616d76fc4,6363c5c3a747f60d3e71a737,44753,3,10500,false,false,test data
execute,63724c99008cb89616d76fc4,6363c5c3a747f60d3e71a737,44756,3,30500,false,false,test data
finish,63724c99008cb89616d76fc4,6363c5c3a747f60d3e71a737,44759,1,3500,false,false,test data
postservice,63724c99008cb89616d76fc4,6363c5c3a747f60d3e71a737,44760,365,120000,false,false,test data
